d1[1,1] 1 10000
d1[2,1] 10001 20000
d1[3,1] 20001 30000
d1[4,1] 30001 40000
d1[5,1] 40001 50000
d1[6,1] 50001 60000
d1[7,1] 60001 70000
d1[8,1] 70001 80000
d1[9,1] 80001 90000
d1[10,1] 90001 100000
d1[11,1] 100001 110000
d1[12,1] 110001 120000
d1[13,1] 120001 130000
d1[14,1] 130001 140000
d1[15,1] 140001 150000
d1[1,2] 150001 160000
d1[2,2] 160001 170000
d1[3,2] 170001 180000
d1[4,2] 180001 190000
d1[5,2] 190001 200000
d1[6,2] 200001 210000
d1[7,2] 210001 220000
d1[8,2] 220001 230000
d1[9,2] 230001 240000
d1[10,2] 240001 250000
d1[11,2] 250001 260000
d1[12,2] 260001 270000
d1[13,2] 270001 280000
d1[14,2] 280001 290000
d1[15,2] 290001 300000
c1[1,1] 300001 310000
c1[2,1] 310001 320000
c1[3,1] 320001 330000
c1[4,1] 330001 340000
c1[5,1] 340001 350000
c1[6,1] 350001 360000
c1[7,1] 360001 370000
c1[8,1] 370001 380000
c1[9,1] 380001 390000
c1[10,1] 390001 400000
c1[11,1] 400001 410000
c1[12,1] 410001 420000
c1[13,1] 420001 430000
c1[14,1] 430001 440000
c1[15,1] 440001 450000
c1[1,2] 450001 460000
c1[2,2] 460001 470000
c1[3,2] 470001 480000
c1[4,2] 480001 490000
c1[5,2] 490001 500000
c1[6,2] 500001 510000
c1[7,2] 510001 520000
c1[8,2] 520001 530000
c1[9,2] 530001 540000
c1[10,2] 540001 550000
c1[11,2] 550001 560000
c1[12,2] 560001 570000
c1[13,2] 570001 580000
c1[14,2] 580001 590000
c1[15,2] 590001 600000
mu_logMratio[1] 600001 610000
mu_logMratio[2] 610001 620000
sigma_logMratio[1] 620001 630000
sigma_logMratio[2] 630001 640000
rho 640001 650000
Mratio[1,1] 650001 660000
Mratio[2,1] 660001 670000
Mratio[3,1] 670001 680000
Mratio[4,1] 680001 690000
Mratio[5,1] 690001 700000
Mratio[6,1] 700001 710000
Mratio[7,1] 710001 720000
Mratio[8,1] 720001 730000
Mratio[9,1] 730001 740000
Mratio[10,1] 740001 750000
Mratio[11,1] 750001 760000
Mratio[12,1] 760001 770000
Mratio[13,1] 770001 780000
Mratio[14,1] 780001 790000
Mratio[15,1] 790001 800000
Mratio[1,2] 800001 810000
Mratio[2,2] 810001 820000
Mratio[3,2] 820001 830000
Mratio[4,2] 830001 840000
Mratio[5,2] 840001 850000
Mratio[6,2] 850001 860000
Mratio[7,2] 860001 870000
Mratio[8,2] 870001 880000
Mratio[9,2] 880001 890000
Mratio[10,2] 890001 900000
Mratio[11,2] 900001 910000
Mratio[12,2] 910001 920000
Mratio[13,2] 920001 930000
Mratio[14,2] 930001 940000
Mratio[15,2] 940001 950000
deviance 950001 960000
